O	45.1689160000	58008.6070000000	5353.7423000000	-412.4463200000	246.1924700000	-86.1404810000	17.4153820000	-1.8288189000	0.0772996660
O+	430308.0800000000	37.3473660000	4972.8917000000	-5.1784401000	1.5502188000	0.7991998600	-0.6271695100	0.1341224000	-0.0081254168
O-	44.2465530000	22733.6870000000	5272.8917000000	-317.7163300000	180.6431300000	-59.1187200000	11.0739410000	-1.1003797000	0.0450409300
O2	54.3163870000	-1836.4370000000	5581.2917000000	2710.0305000000	-1557.4076000000	440.2983600000	-82.5099170000	8.2107246000	-0.3368347700
O2+	55.7929180000	278215.2900000000	6218.1557000000	1509.1639000000	-435.3692800000	74.1931460000	-5.0447645000	-0.0877372720	0.0217390470
O3	61.0728140000	31565.3670000000	6477.8529000000	7140.7131000000	-3896.1958000000	1244.0313000000	-229.4384900000	22.5879550000	-0.9174357300
H	33.3402050000	50632.6350000000	4973.3569000000	-7.0529569000	4.6424756000	-1.6298902000	0.3123327200	-0.0507867710	0.0012198069
H+	32.0360620000	365694.6400000000	4973.2914000000	-6.9261560000	4.5340548000	-1.5829302000	0.3015770100	-0.0295443090	0.0011628033
H-	32.0376780000	31982.6340000000	4973.3605000000	-7.0600685000	4.6486687000	-1.6326162000	0.3129659400	-0.0308608130	0.0012232402
H2	40.7828160000	-2119.4816000000	7476.2362000000	-1133.0154000000	1070.0343000000	-675.2790600000	69.8089440000	-6.7118939000	0.2622112300
OH	53.5603730000	7185.7819000000	7514.0699000000	-1193.5487000000	1225.4837000000	-466.2829800000	92.9518410000	-9.5273706000	0.3946388400
OH+	51.7748840000	312779.5600000000	6685.3956000000	-85.0300860000	659.2099700000	-306.4749000000	67.2673420000	-7.2797883000	0.3116383900
OH-	50.4635130000	-34277.1120000000	7420.0709000000	-1060.0732000000	978.2895800000	-344.4303500000	63.7013690000	-6.1085491000	0.2396441200
HO2	60.1550860000	2630.8012000000	6687.1329000000	4149.7747000000	-1634.0398000000	427.1596900000	-69.6820450000	6.3542490000	-0.2458460600
H2O	53.6277000000	-60008.4560000000	7369.7266000000	504.1453600000	1003.7690000000	-481.7465200000	102.4737900000	-10.6923810000	0.4447399100
H2O2	61.6604530000	-35319.5290000000	7845.4116000000	6243.2954000000	-2517.8813000000	689.7613200000	-118.5872900000	11.3604330000	-0.4589354000
H^1	33.4124620000	50638.6470000000	4973.0597000000	-6.0611203000	3.5762748000	-1.1613727000	0.2142994600	-0.0212414120	0.0008838229
D	35.4698530000	51530.3810000000	4969.4789000000	-9.0644441300	0.1319775200	0.0683929900	-0.0278391460	0.0035657287	-0.0001491684
D2	42.1162460000	-1911.5157000000	6413.8324000000	489.1518300000	167.1721800000	-98.2091520000	22.4458650000	-2.5872999000	0.1221067800
H^1D	43.8676510000	-2025.9133000000	7424.8052000000	-1149.2503000000	1212.8137000000	-449.4279400000	84.7533440000	-7.9444289000	0.2901596500
OD	53.6600710000	6819.4658000000	6869.3974000000	-167.1542300000	754.7563400000	-362.7013100000	81.8898550000	-9.1106224000	0.4023575300
D2O	53.2764190000	-61607.7650000000	6245.6541000000	2935.6512000000	-316.9191800000	-105.9142000000	42.8867590000	-5.6257281000	0.2658758300
H^1DO	54.7614830000	-60740.4150000000	6740.3670000000	1762.8725000000	340.8855600000	-296.2749000000	74.0423860000	-8.3783595000	0.3681564700
D2O2	62.7226500000	-37425.8530000000	7990.3566000000	7681.0137000000	-3455.0261000000	978.8977400000	-167.5815900000	15.7428950000	-0.6208277100
H^1DO2	63.5034590000	-36296.9800000000	7847.9185000000	7133.5960000000	-3142.4559000000	904.4211900000	-159.6329800000	1.5548100000	-0.6320345200
T	36.5734540000	519263.0840000000	4969.4795000000	-0.9077424200	0.1330780600	0.0679219550	-0.0277315570	0.0035531083	-0.0001485765
T2	44.0028430000	-1918.5475000000	6381.9702000000	559.2121700000	313.7652900000	-210.2567100000	52.1049280000	-5.9933079000	0.2651018100
H^1T	44.5416160000	-1887.2886000000	7211.9540000000	-844.4551500000	1066.4689000000	-421.4389800000	85.2635980000	-8.7590416000	0.3612793900
DT	44.8837890000	-1932.2471000000	6603.0797000000	150.9622600000	529.2602800000	-266.2506800000	59.7216200000	-6.5010048000	0.2780012700
OT	53.2302090000	6711.0926000000	6287.9172000000	971.9829100000	26.9568570000	-79.5620900000	44.8271650000	-3.0859562000	0.0436698500
T2O	53.1022010000	-62302.3100000000	5644.9851000000	4596.1000000000	-1441.1956000000	280.6748300000	-30.4989360000	1.6780058000	-0.0017485370
H^1TO	54.6131500000	-61043.9890000000	6364.8575000000	2633.2026000000	-224.8146200000	-106.3877200000	38.5455850000	-4.8803172000	0.2264466400
DTO	54.5352250000	-61933.3670000000	5922.9068000000	3789.1258000000	-887.6660800000	89.1227890000	6.1675941000	-2.0217488000	0.1218986400
He	36.1470950000	-1457.3666000000	4973.3676000000	-7.0735798000	4.6601410000	-1.6375612000	0.3140943500	-0.0309907830	0.1229189200
Ne	40.9695810000	-1457.3666000000	4973.3676000000	-7.0735798000	4.6601410000	-1.6375612000	0.3140943500	-0.0309907830	0.0012291892
Ar	43.0044040000	-1457.3666000000	4973.3676000000	-7.0735795000	4.6601410000	-1.6375612000	0.3140943500	-0.0309907830	0.0012291892
Kr	45.2131040000	-1457.3666000000	4973.3676000000	-7.0735798000	4.6601410000	-1.6375612000	0.3140943500	-0.0309907830	0.0012291892
Xe	46.5517050000	-1457.3666000000	4973.3676000000	-7.0735798000	4.6601410000	-1.6375612000	0.3140943500	-0.0309907830	0.0012291892
F	45.2702210000	17359.1710000000	576.7874000000	-708.4882500000	368.0770500000	-113.5327200000	20.4150550000	-1.9717155000	0.0789090870
F-	40.7895540000	-66094.3680000000	4973.3807000000	-7.0989626000	4.6817863000	-1.6469225000	0.3162373500	-0.0312383620	0.0012405544
F2	54.6317830000	-2078.7457000000	6365.0371000000	2861.8383000000	-1768.1365000000	691.2088400000	-149.1239100000	16.2379970000	-0.7018436200
FO	58.7348350000	30401.2660000000	6551.4640000000	2343.0924000000	-1291.1582000000	414.4130500000	-76.6675200000	7.5641493000	-0.3077673000
F2O	66.1821880000	3040.1266000000	8318.7177000000	5582.0160000000	-3113.1079000000	1006.6124000000	-187.0366400000	18.4991810000	-0.7537980300
HF	50.9803810000	30401.2660000000	7404.4762000000	-1070.3271000000	1050.1644000000	-375.1235400000	69.9047130000	-6.6921267000	0.2601550700
DF	51.1390160000	304012.6600000000	6759.4005000000	-150.5232200000	692.6835800000	-317.5233000000	68.4345940000	-7.2842394000	0.3083479700
TF	50.8962790000	3040126.6000000000	6257.8941000000	780.2305500000	113.0491000000	-126.7600900000	33.3458410000	-3.8889880000	0.1739451800
Cl	45.7236540000	27365.6380000000	5312.5500000000	305.7446400000	-357.1696900000	150.8185000000	-32.2455320000	3.4771606000	-0.1501871400
Cl-	42.6492270000	-60984.3680000000	4973.3798000000	-7.0969712000	4.6800343000	-1.6461508000	0.3160580200	-0.0312173610	0.0012395777
Cl2	61.5488940000	-2334.4460000000	7544.7022000000	1641.1953000000	-983.8661200000	354.3693300000	-71.2502060000	7.5759040000	-0.3317293100
ClO	60.9871500000	22046.8550000000	6678.6604000000	2270.0778000000	-1197.6544000000	376.2096800000	-67.0300800000	6.3972482000	-0.2550946200
ClO2	67.3836650000	22310.6410000000	7623.6432000000	6058.1923000000	-3270.7323000000	1039.7130000000	-190.9135000000	18.7519070000	-0.7607140600
Cl20	72.0969230000	15064.7540000000	9128.7258000000	4774.1747000000	-2664.5570000000	862.4999000000	-160.4370200000	15.8823360000	-0.6474857000
HCl	52.6917840000	-24024.4880000000	6680.2853000000	-4.4166240000	576.4887500000	-269.3715600000	57.8453090000	-6.1047321000	0.2562386000
DCl	52.4163340000	-54209.7890000000	5938.0054000000	1476.6828000000	-330.7134700000	17.2753300000	7.7338496000	-1.5095462000	0.0836496240
TCl	52.5188790000	-24312.0960000000	5670.7246000000	2251.1004000000	-893.2269700000	222.0399500000	-32.8342500000	2.6632014000	-0.0907954120
HOCl	63.2218930000	-23945.0730000000	7254.8735000000	3730.3333000000	-1456.8808000000	382.4563700000	-63.0011240000	5.8066236000	-0.2267756500
ClF	59.1862260000	-14149.5980000000	6860.4347000000	2186.1933000000	-1204.9067000000	393.0147900000	-72.0667150000	7.0377142000	-0.2853645100
Br	48.2438580000	25277.5020000000	5129.2319000000	-495.4252600000	574.1451300000	-241.1594400000	50.1602050000	-5.2289705000	0.2183928600
Br-	45.0717290000	-57163.3680000000	4973.3788000000	-7.0953516000	4.6787387000	-1.6456064000	0.3159349700	-0.0312031970	0.0012389265
Br2	68.8568970000	4891.5230000000	8584.7505000000	283.5765600000	-3.5650383000	-51.8526300000	20.8415900000	-2.8437157000	0.1312996900
BrO	63.8824330000	27866.9830000000	6894.4148000000	2178.8417000000	-1240.9460000000	430.7241100000	-85.4265160000	8.8127861000	-0.3668353800
HBr	54.9543750000	-10635.4010000000	6426.1063000000	468.9307200000	317.1965600000	-194.2644700000	45.5943930000	-5.0267490000	0.2163356400
DBr	54.6719390000	-10727.8210000000	5723.9945000000	2041.6365000000	-728.6609300000	159.3998900000	-19.8945700000	1.2815320000	-0.0308048470
TBr	54.9817520000	-10810.2310000000	5588.2299000000	2704.5875000000	-1274.3003000000	376.1088000000	-66.1057900000	6.3531245000	-0.2555869700
BrF	62.7513870000	-12394.1580000000	7376.6571000000	1589.7583000000	-802.2848800000	246.6523800000	-43.7993580000	4.4355459000	-0.1949102600
BrCl	66.6096590000	1094.0697000000	8094.9715000000	970.1571900000	-572.3986200000	220.4531500000	-49.9658890000	5.8305967000	-0.2684614200
J	49.1843670000	24031.5670000000	4971.6229000000	38.4424810000	-86.2847380000	62.0561820000	-16.4673270000	1.9528152000	-0.0879705350
J-	46.4503270000	-52023.3680000000	4973.3778000000	-7.0933205000	4.6770011000	-1.6448601000	0.3157659800	-0.0311839190	0.0012380534
J2	73.2296200000	12264.3790000000	8954.0038000000	-295.0039200000	560.1177200000	-341.7463700000	97.1993810000	-12.5080810000	0.5995308400
JO	66.4489770000	37852.3700000000	7257.9150000000	1762.0911000000	-951.4176600000	305.5132900000	-55.9397270000	5.5465877000	-0.2309511200
HJ	56.1218430000	4426.2535000000	6106.1699000000	1099.4530000000	-60.5707230000	-79.0460420000	2.6505460000	-3.3973753000	0.1596656100
DJ	56.3141510000	44004.7102000000	5684.2779000000	2400.7986000000	-1010.6564000000	266.1545300000	-41.7075980000	3.6204428000	-0.1339180700
TJ	56.9548140000	4349.8175000000	5713.0441000000	2834.1138000000	-1414.5985000000	434.1619700000	-78.3080890000	7.6753693000	-0.3140202300
JF	64.8846060000	-24903.7700000000	7605.7502000000	1335.8733000000	-666.5930700000	194.9631800000	-32.2337740000	2.9895567000	-0.1203330600
JCl	68.9320010000	1596.3950000000	8360.2289000000	578.1548900000	-218.0409900000	37.1024110000	0.6989927100	-0.5480066100	0.0285045450
JBr	72.4729350000	7151.2516000000	8803.2752000000	-28.2602870000	254.8456400000	-169.4039600000	49.5475310000	-6.2971437000	0.2924757000
S	47.9784790000	63508.7150000000	6099.8777000000	-9300.9365500000	409.9249300000	-98.8362800000	14.7453600000	-1.2868500000	0.0496843300
S2	62.8961380000	28354.2530000000	7491.8611000000	1168.2362000000	-496.8898200000	179.6934300000	-39.4295370000	4.5316920000	-0.2070404300
SO	59.0021680000	-1879.6141000000	6100.4701000000	2600.2525000000	-1411.5801000000	491.6532400000	-97.5897370000	10.1331810000	-0.4265717100
SO2	63.5512800000	-73374.6180000000	6571.1057000000	6675.0548000000	-3434.1933000000	1056.1014000000	-187.6329000000	17.8595570000	-0.7059289600
SO3	64.2671990000	-97421.0150000000	7395.1137000000	11524.3110000000	-6118.1502000000	1914.5036000000	-347.6851300000	33.8163800000	-1.3602516000
S2O	71.5514370000	-29006.9710000000	8629.8928000000	5087.5404000000	-2773.4132000000	882.7806600000	-162.1179800000	15.8843320000	-0.6420209900
HS	56.4275630000	32839.1970000000	7679.8698000000	-778.9707600000	1003.7581000000	-413.9058000000	86.3221650000	-9.0819456000	0.3841016300
H2S	54.7165180000	-6886.3848000000	6086.4405000000	3215.8273000000	-453.6007900000	-76.5354760000	40.0094980000	-5.6263912000	0.2764847800
SF	61.5844240000	16045.9970000000	6829.0526000000	2109.9952000000	-1174.8599000000	379.2572300000	-70.4067190000	6.9658526000	-0.2843026900
SF2	69.3495810000	-35791.8280000000	8839.6750000000	5118.0959000000	-2877.5453000000	936.7735700000	-175.1028500000	17.4096760000	-0.7125638300
SF4	79.0189830000	-179530.4300000000	13160.1990000000	12916.3160000000	-7294.8813000000	2378.3150000000	-444.4256300000	44.1321920000	-1.8632716000
SF6	76.6649730000	-294806.4800000000	15750.4330000000	22420.8120000000	-12669.9620000000	4134.2523000000	-773.1907800000	76.8290740000	-3.1405512000
SOF2	73.4353290000	-165642.7200000000	9973.2470000000	9662.4315000000	-5329.7054000000	1714.2552000000	-317.7842400000	31.4052480000	-1.2795183000
SO2F2	74.3506480000	-209220.7900000000	10807.2810000000	14095.5520000000	-7558.8979000000	2380.4252000000	-433.9741800000	42.3005200000	-1.7031509000
N	42.7256380000	111509.4100000000	5015.7889000000	-92.2950940000	83.5474770000	-38.5406770000	8.9155623000	-0.9140184700	0.0347074650
N+	44.4743330000	448680.5000000000	5130.2297000000	-184.2242200000	117.6932900000	-44.8473100000	9.9297450000	-1.1129411000	0.0491682780
N2	52.7221430000	-1885.3493000000	6183.1319000000	939.6197500000	7.4290406000	-98.9571960000	29.6451760000	-3.6804323000	0.1716578300
N2+	53.0192370000	358956.9500000000	5678.6099000000	2067.6869000000	-1025.9148000000	374.4396000000	-73.8359080000	7.2551685000	-0.2822574200
N3	54.8335300000	112273.2400000000	4899.0046000000	7955.1941000000	-3833.4332000000	1126.2945000000	-196.2203300000	18.5637820000	-0.7329849500
NO	56.6546170000	19688.5300000000	5986.4853000000	1702.7013000000	-548.0881100000	99.7564510000	-9.0098314000	0.2310046100	0.0103719990
NO+	54.3174460000	234437.1700000000	6186.7937000000	924.9796000000	16.5780420000	-101.2308000000	29.9146370000	-3.6939084000	0.1720210200
NO2	59.9911550000	5869.5608000000	5411.0030000000	7352.2983000000	-3605.7026000000	1079.6505000000	-185.1246400000	17.0287960000	-0.6532452600
N2O	56.1427970000	17305.3890000000	6060.1548000000	6913.5391000000	-3265.1473000000	958.7943600000	-167.7095500000	15.9660090000	-0.6345785500
NH	51.7273040000	79175.5800000000	6873.6705000000	-285.1731900000	683.6013500000	-277.7287100000	57.1925530000	-5.9895783000	0.2532744700
NH2	54.0084750000	39454.6290000000	6927.2776000000	1485.3507000000	338.6117900000	-269.7588500000	66.5299900000	-7.6326178000	0.3410939500
NH4	49.5650990000	-18042.6600000000	5383.1393000000	5237.9606000000	-783.0471300000	-42.3282960000	35.3729880000	-4.8432627000	0.2235078000
N2H2	53.0096880000	29392.1340000000	4197.4959000000	15341.2650000000	-5914.2330000000	1593.8725000000	-239.5273100000	21.4590550000	-0.8198831400
HNO	57.5084060000	24737.8640000000	5913.5281000000	4472.5747000000	-1642.8137000000	383.5758500000	-54.9752560000	4.2940662000	-0.1426982300
NF	57.4981240000	59449.4500000000	6364.7044000000	2405.1304000000	-1269.1503000000	391.6448000000	-69.9125800000	66.7698829000	-0.2641902900
NF2	65.2744050000	6931.4476000000	7419.0546000000	6386.6454000000	-3486.8697000000	1117.9382000000	-268.5374900000	20.3427200000	-0.8261367300
NF3	66.7008510000	-33475.8390000000	8645.6643000000	44189.5360000000	-6246.0182000000	2023.5140000000	-376.7968200000	37.3399910000	-1.5237619000
FNO	65.5924500000	-18611.9510000000	7597.3688000000	5260.0865000000	-2663.2118000000	781.2412000000	-137.9278200000	43.1736710000	-0.5238800100
NS	59.8913500000	53850.6660000000	6550.3770000000	2035.5587000000	-983.4126600000	288.5547000000	-19.6030320000	4.6093198000	-0.1783638700
P	44.4914080000	74175.9380000000	4731.8654000000	449.0333200000	-370.3627900000	138.7314500000	-21.4330230000	1.3856047000	-0.0260802030
P2	59.3573760000	32115.2780000000	6925.0033000000	2053.9564000000	-1128.7207000000	363.7667900000	-67.1244000000	6.5832263000	-0.2653617900
P3	81.1039430000	9443.1884000000	14395.2610000000	5848.4947000000	-3394.1438000000	1128.1791000000	-213.8688600000	21.4709410000	-0.8847468900
PO	60.0182960000	-9258.4776000000	6525.1308000000	2047.8482000000	-991.2439500000	291.8527600000	-50.5397230000	4.7554845000	-0.1868586600
P4O4	94.5704070000	-513449.0500000000	23982.4690000000	32182.3320000000	-18161.8760000000	5918.8352000000	-1105.4159000000	109.6695000000	-4.4752586000
P4O8	100.0026100000	-580458.6800000000	25127.4660000000	41919.6410000000	-23265.8710000000	2506.9584000000	-1393.6316000000	137.7835600000	-0.0561235180
P4O10	98.2154720000	-698569.4900000000	26259.7890000000	51659.5970000000	-28387.9550000000	9691.9972000000	-1680.4830000000	165.6464500000	-6.7328927000
PH	53.9453570000	54891.2510000000	6109.3189000000	1113.5362000000	-136.3742800000	-22.9434730000	12.5264830000	-1.8005217000	0.0903174520
PF	60.7130340000	-13465.2860000000	6734.8966000000	2225.8756000000	-1258.0147000000	443.3305000000	-78.1697130000	0.7875064000	-0.3267428200
PF2	69.8971940000	-106300.4200000000	8631.6456000000	5329.7163000000	-2997.1380000000	945.1904000000	-182.0236500000	18.0559280000	-0.7367253500
PF3	73.3265970000	-218853.5700000000	10822.6560000000	9107.4022000000	-5106.0326000000	1657.0369000000	-308.7121200000	30.5938970000	-1.2483843000
PF6	73.5825400000	-320117.3700000000	12494.3860000000	19898.1970000000	-10863.8190000000	3521.4816000000	-655.1134200000	64.8082980000	-2.6391320000
POF3	73.6144510000	-290276.5900000000	10942.9110000000	14310.9210000000	-7794.9262000000	2480.5005000000	-455.5178300000	44.6354640000	-1.8043800000
PCl	65.3445690000	33396.8150000000	7750.5746000000	1245.5227000000	-710.9238300000	232.4417000000	-43.3988970000	4.3007262000	-0.1754213500
PCl3	91.6892990000	-71210.0530000000	16028.7510000000	4075.8119000000	-2359.0311000000	781.7043400000	-147.0919200000	14.7726560000	-0.6062230200
PCl5	112.5598700000	-96081.6630000000	24548.5000000000	7729.8800000000	-4605.9855000000	1505.0735000000	-286.8018400000	28.9451140000	-1.1938774000
POCl2	93.5371980000	-140286.4400000000	17185.3380000000	8556.8999000000	-4751.8657000000	1532.2990000000	-284.0092200000	28.0126310000	-1.1376947000
PS	64.8066260000	37828.0140000000	7711.2869000000	1253.4619000000	-689.6232700000	224.7933800000	-42.2495030000	4.2577595000	-0.1768952100
PN	55.9184270000	21804.1300000000	5752.8245000000	2751.6714000000	-137.4564300000	416.0742400000	-74.0387900000	7.1265880000	-0.2856717200
C	43.6512230000	169440.1800000000	4916.9336000000	125.9485300000	-124.1017400000	55.9212140000	-11.2939910000	1.0918904000	-0.0415166480
C+	43.0498680000	430758.0300000000	5023.0186000000	-57.1705300000	32.3941020000	-10.5567440000	1.9782537000	-0.1934626500	0.0082975524
C2	63.2867260000	197178.6400000000	11240.5390000000	-3808.1555000000	2574.3926000000	-873.3955800000	165.5595900000	-16.5832410000	0.6821251500
C3	61.2483500000	187827.6000000000	6658.8085000000	6677.9259000000	-3238.8839000000	950.1503300000	-164.4428800000	15.4066840000	-0.6013049900
CO	53.7084190000	-28282.2840000000	5982.3212000000	1370.6198000000	-281.8049500000	1.6967626000	10.3071960000	-1.7365992000	0.0918923330
CO+	55.2372040000	293338.4000000000	6072.2363000000	1183.0555000000	-133.9829300000	-57.7513450000	22.6665710000	-2.9171236000	0.1341381600
CO2	54.1760230000	-96249.6810000000	5689.7647000000	6948.0348000000	-3187.2163000000	907.5194200000	-154.3475200000	14.3310370000	-0.5571496000
C3O2	71.0926970000	-27253.5550000000	10107.9810000000	12777.9630000000	-5969.1880000000	1709.0598000000	-291.1122900000	26.9904150000	-1.0463548000
CH	51.5978150000	140597.3000000000	6603.0981000000	129.4365600000	573.4214900000	-267.6415100000	59.4113750000	-6.3500005000	0.2681859900
CH2	64.8781240000	88144.4390000000	5431.3385000000	4513.1517000000	-1238.9165000000	194.6322900000	-15.0172150000	0.2320080000	0.0231953330
CH3	48.1280620000	32192.0710000000	4491.7280000000	6248.7738000000	-1167.0905000000	-11.7049950000	43.6528200000	-6.8574345000	0.3472655600
CH4	59.5442730000	-19195.6250000000	1415.4971000000	12108.7410000000	-6520.8674000000	576.7777700000	-45.2111740000	0.5495690800	0.8578723100
HCO	57.1560370000	5359.1827000000	5049.0120000000	4860.2164000000	-1703.2146000000	102.5790200000	-58.7845520000	4.7150342000	-0.1582320500
H2CO	44.9776310000	-29264.2890000000	2732.5052000000	10248.0850000000	-3786.3331000000	872.1803900000	-121.8575900000	9.4751889000	-0.3134087600
CF	56.6889680000	57822.1500000000	5932.3420000000	2548.7004000000	-1206.2574000000	344.1375800000	-56.9775140000	5.0764072000	-0.1878108500
CF2	61.1935700000	-44587.9740000000	6001.2067000000	7046.2239000000	-3655.9788000000	1128.5588000000	-203.2645500000	19.6776130000	-0.7896165400
CF3	65.4780920000	-122706.8500000000	7333.2506000000	12045.1750000000	-6536.7849000000	2080.8029000000	-382.6737300000	37.5818820000	-1.5234514000
CF4	62.5848540000	-226568.4800000000	7792.9948000000	17090.9160000000	-9230.5860000000	2923.4306000000	-535.5762800000	52.4349910000	-2.1199771000
FCO	64.1984580000	-32203.5460000000	6537.8090000000	5676.5246000000	-2644.1643000000	752.4299500000	-127.3975800000	11.7588230000	-0.4547032800
F2CO	62.7833730000	-153816.7500000000	6167.0345000000	12104.5220000000	-6264.4977000000	1930.8600000000	-347.4138900000	33.5949890000	1.3465000000
CHF	56.9382700000	23022.1400000000	5480.0426000000	4927.8087000000	-1814.4601000000	423.3195300000	-60.6378010000	4.8712832000	-0.1677263300
CH2F	52.9921030000	-12605.9810000000	3245.5404000000	10129.8390000000	-3932.0794000000	972.0096900000	-147.5855000000	12.5086700000	-0.4519820800
CH3F	46.0616560000	-60386.0870000000	897.7088200000	15129.5440000000	-5318.8567000000	1420.5030000000	-212.7278100000	17.7916090000	-0.6354439000
CHF2	58.7802520000	-60047.1410000000	39347.1410000000	12019.1340000000	-5617.6919000000	1617.5143000000	-277.3885800000	25.8814890000	-1.0087978000
CH2F2	52.3011920000	-108340.1600000000	2035.2675000000	16756.7160000000	-7436.3328000000	2062.0622000000	-344.1583800000	31.4816690000	-1.2090294000
CHF3	58.1836010000	-169619.8300000000	4538.0998000000	17272.5660000000	-8530.4839000000	2559.5063000000	-453.0975200000	43.3683310000	-1.7267301000
HFCO	57.8987670000	-91489.7570000000	4223.8597000000	11370.9460000000	-5152.2194000000	1447.1977000000	-243.3638700000	22.3517710000	-0.8599574200
CCl	60.8721640000	116862.8900000000	6892.7271000000	2050.0440000000	-1088.6916000000	345.8692400000	-62.8709630000	6.1527697000	-0.2516610900
CCl2	71.2757480000	43282.8810000000	8847.9573000000	5024.6435000000	-2793.8231000000	901.5163200000	-167.1577300000	16.4890060000	-0.6695528600
CCl3	83.2291860000	8529.1118000000	12744.1640000000	7275.3918000000	-4117.4852000000	1345.3465000000	-251.9129800000	25.0582760000	-1.0252199000
CCl4	89.6291570000	-30380.0840000000	16942.9840000000	9220.8938000000	-5285.6994000000	1746.0282000000	-330.1093100000	33.1225130000	-1.3658576000
CClO	69.6624550000	-6369.0236000000	7819.9631000000	4906.6114000000	-2386.2146000000	705.5577600000	-123.4357900000	11.7077380000	-0.4629305700
Cl2CO	75.8704580000	-55712.9780000000	10467.8370000000	8470.6340000000	-4460.1410000000	1395.7065000000	-254.5395800000	24.9150170000	-1.0096391000
CH3Cl	51.4011900000	-22430.4480000000	2582.7049000000	14124.5080000000	-5490.3899000000	1359.9635000000	-206.5678800000	17.4738860000	-0.6288916800
CH2Cl2	63.8343760000	-25250.8050000000	5758.5274000000	14199.7840000000	-6431.4956000000	1832.5532000000	-314.8127400000	29.6255980000	-1.1639430000
CHCl3	77.1030320000	-28979.6620000000	10755.4240000000	12207.8660000000	-6083.2306000000	1844.8653000000	-329.6208100000	31.7722940000	-1.2712986000
CF3Cl	72.3253940000	-175421.5200000000	10166.2150000000	15093.8420000000	-8241.5378000000	2630.4823000000	-484.8181700000	47.7082820000	-1.9378123000
CF2Cl2	79.9703260000	-123754.3700000000	12485.0710000000	13064.7230000000	-7182.9557000000	2294.4434000000	-421.3522100000	41.1753860000	-1.6566623000
CFCl3	85.8411020000	-76076.8790000000	14747.5710000000	11125.6870000000	-6233.1232000000	2023.2906000000	-377.0928100000	37.3736730000	-4.5243563000
FClCO	70.5754150000	-104215.7800000000	8300.0379000000	10359.8600000000	-5417.0113000000	1682.4799000000	-304.4278500000	29.5579640000	-1.1881238000
CH2FCl	59.5796770000	-74313.6470000000	3.9659718000	15429.5420000000	-6932.1533000000	1957.1222000000	-333.4881300000	31.1805280000	-1.2243214000
CHF2Cl	66.6309800000	-124093.4300000000	6554.4780000000	15629.5940000000	-7731.5026000000	2322.1969000000	-410.8104100000	39.2145580000	-1.5541214000
CHFCl2	73.2226750000	-76621.2110000000	8795.7903000000	13803.6460000000	-6846.1312000000	2062.9143000000	-366.3350500000	35.1283410000	-1.3996788000
CBr4	100.5617500000	14204.2050000000	17281.6340000000	11736.0590000000	-9213.3645000000	4263.8395000000	-1146.6741000000	465.3800900000	-9.8760111000
CH3Br	65.2616710000	-10562.8600000000	3299.1836000000	13672.7760000000	-5351.1311000000	1343.2849000000	-207.6028900000	17.8957820000	-0.6560745500
CH2Br2	68.2419350000	-1783.3150000000	5623.8456000000	16421.9310000000	-9347.7944000000	3556.8342000000	-844.3852400000	111.8253100000	-6.2712014000
CHBr3	83.9501440000	5887.5899000000	10570.3290000000	15294.2450000000	-10227.7860000000	4350.3074000000	-1116.0816000000	156.5470700000	-9.1897299000
CF2Br	76.7980870000	-162287.9700000000	11038.3570000000	14217.9450000000	-7744.2267000000	2466.3365000000	-453.7097400000	44.5738490000	-1.8078023000
CF2Br2	88.6953670000	-103973.5500000000	14150.5240000000	1145.2806000000	-6327.3674000000	2037.7664000000	-378.4394900000	37.4951490000	-1.5327006000
CFBr3	98.6434630000	-46630.4480000000	17146.5570000000	8732.1044000000	-4901.6290000000	1595.9551000000	-298.7619700000	29.7787270000	-1.2227626000
CH2FBr	64.0437970000	-62505.3370000000	4916.7340000000	14563.4550000000	-6447.6370000000	1791.2157000000	-299.9528600000	27.5381990000	-1.0613746000
CHF2Br	71.9822620000	-113328.3600000000	7706.3557000000	14543.2450000000	-7132.8631000000	2126.3395000000	-373.6293400000	35.4536680000	-1.3979397000
CHFBr2	81.6073710000	-53933.8450000000	10391.3140000000	12379.0790000000	-6113.2672000000	1892.3752000000	-328.0878000000	31.6030560000	-1.2663949000
CCl3Br	89.3489910000	-15638.9840000000	14477.3640000000	15294.8960000000	-11835.0490000000	5415.2618000000	-1443.3699000000	206.7233500000	-12.2782530000
CCl2Br3	94.4999660000	-6426.3735000000	15258.9420000000	14273.8670000000	-11037.6650000000	5035.8075000000	-1336.7861000000	190.6420700000	-11.2802400000
CClBr3	98.7530630000	4363.5916000000	16380.7810000000	12926.2680000000	-10124.3930000000	4677.7132000000	-1256.3628000000	181.0132500000	-10.8008030000
CH2ClBr	65.2085410000	-14599.2500000000	4688.3980000000	17368.7810000000	-9975.9083000000	3835.5564000000	-922.6139000000	124.0978500000	-7.0708218000
CHCl2Br	77.0580300000	-16754.4970000000	86634.4410000000	17517.5640000000	-11796.3980000000	5024.7140000000	-1288.1980000000	180.4409400000	-10.5750290000
CHClBr2	81.4690190000	-5922.7443000000	9572.3231000000	16416.9560000000	-40968.0150000000	4638.5196000000	-1180.2135000000	163.9391400000	-9.5217275000
CF2ClBr	85.6432140000	-145809.0900000000	13295.9860000000	12261.9100000000	-6746.2144000000	2159.9838000000	-398.2352100000	39.1275800000	-1.5847540000
CFCl2Br	92.5771910000	-68358.9480000000	15678.4230000000	10219.3130000000	-5736.3568000000	1864.8871000000	-348.0465800000	34.5417670000	-1.4108886000
CFClBr2	96.7856170000	-57502.3200000000	16437.6540000000	9492.9878000000	-5347.1881000000	1743.6756000000	-326.2531400000	32.4424730000	-1.3269474000
CHFClBr	77.4527330000	-65785.8800000000	9607.3609000000	13167.9400000000	-6574.9168000000	2001.0307000000	-359.3882200000	34.8680710000	-1.4055345000
CH2J	57.8371850000	1990.7796000000	3790.8210000000	13601.5430000000	-5552.7660000000	1491.2318000000	-250.2544400000	23.3109270000	-0.8913183500
CH2J2	74.4328110000	23881.2310000000	6947.7922000000	15302.2410000000	-8.7196643000	3321.4784000000	-788.0756300000	104.1322500000	-5.8187236000
CHJ3	92.4780640000	46508.3240000000	12058.2400000000	13983.4610000000	-9609.2777000000	4207.9228000000	-1108.0708000000	158.8688000000	-9.4946696000
CF2J	80.0164880000	-148423.5900000000	11574.8000000000	13775.0760000000	-7544.7677000000	2415.9533000000	-446.7045500000	44.0858700000	-1.7950937000
CH3J2	94.5394570000	-78292.9610000000	15428.1270000000	10346.5270000000	-5771.8170000000	1871.2211000000	-318.9486900000	34.6404030000	-1.4159987000
CH2FJ	67.1286910000	-50115.4410000000	5346.6577000000	14241.1110000000	-6302.7878000000	1752.8752000000	-294.2044200000	27.0928150000	-1.0478630000
CHF2J	75.5083830000	-99478.0600000000	8330.1008000000	13947.7200000000	-6840.3553000000	2049.9364000000	-363.4940800000	34.8948610000	-1.3941537000
CH2ClJ	68.3783620000	-773.1310000000	5359.8511000000	16903.9410000000	-9814.4003000000	3820.2454000000	-929.8818500000	126.5059400000	-7.2995000000
CH2BrJ	73.1266830000	9015.7607000000	6461.9401000000	15588.7500000000	-8802.9944000000	3332.8108000000	-789.2908800000	104.4633500000	-5.8613526000
CF2ClJ	89.0392090000	-102955.4900000000	13896.2220000000	11714.3890000000	-6477.2146000000	2086.3363000000	-387.1790200000	38.2972090000	-1.5614084000
CF2BrJ	93.5181270000	-90287.8260000000	14610.1600000000	10989.3080000000	-6063.7159000000	1948.7363000000	-360.7550400000	35.5930460000	-1.4475501000
Cs	55.8991030000	57380.8890000000	5833.8631000000	2708.8738000000	-1354.0163000000	408.4285200000	-72.2123470000	68.8849450000	-0.2726689700
CS2	63.9342000000	24286.8040000000	8486.8117000000	5876.3107000000	-3094.2436000000	971.1614300000	-177.3724600000	17.3754840000	-0.7043771700
COS	60.7868940000	-36561.3110000000	7302.9469000000	6227.7438000000	-3077.2037000000	921.9867000000	-163.0522000000	15.6045670000	-0.6217199400
CN	53.6520990000	87035.5630000000	5431.8467000000	2569.7150000000	-1382.8353000000	503.8039400000	-99.7965110000	9.9874612000	-0.3994711300
HCN	53.2318130000	28296.4510000000	6290.3748000000	4710.2571000000	-1675.1455000000	408.1159700000	-63.8296680000	5.7149653000	-0.2196315500
FCN	60.4888960000	-19889.0440000000	7760.2140000000	5375.1528000000	-2498.9502000000	717.7884600000	-123.3172700000	11.5697480000	-0.4546874100
CP	58.1283370000	105519.7900000000	6323.0999000000	2169.4800000000	-1280.7884000000	578.2393900000	-139.3669300000	16.3855520000	-0.7483285800
C2H	56.0760410000	114395.5800000000	7111.4845000000	3981.4947000000	-1286.2253000000	263.8028200000	-33.1980040000	2.3306754000	-0.0696972800
C2H2	52.7643170000	51625.8690000000	6995.6330000000	6372.7732000000	-106.6343100000	-852.5559200000	276.1119600000	-35.3871480000	1.6701439000
C2H4	43.3497310000	10825.0540000000	947.2378500000	18589.2510000000	-7206.2630000000	1788.4474000000	-273.1463000000	23.2856800000	-0.8454968900
C2F	62.9621320000	62893.1980000000	8248.1356000000	4579.3957000000	-1978.1246000000	535.2065100000	-187.5613410000	7.8903029000	-0.2998314800
C2F2	68.4249710000	-48748.7740000000	10675.7520000000	7987.3538000000	-3833.9917000000	1126.1925000000	-196.2697400000	18.5633530000	-0.7320708200
C2F4	76.1724170000	-156796.4300000000	11712.9830000000	17968.5390000000	-9365.8778000000	2897.6938000000	-522.1980200000	50.4963300000	-2.0214846000
C2HF	62.8090320000	1664.1880000000	9448.5949000000	7285.5339000000	-3075.9437000000	840.5802100000	-141.2607300000	13.1669820000	-0.5184933200
C2H2F	53.7271730000	-35363.7160000000	3141.8128000000	19134.5610000000	-8238.7727000000	2249.8151000000	-373.0051100000	34.0599120000	-1.3093542000
C2H2F2	59.6928470000	-80627.9720000000	5666.9510000000	19363.7340000000	-9034.5860000000	2613.5871000000	-451.1649600000	42.3681580000	-1.6605575000
C2HF3	69.8103390000	-118484.4200000000	8366.2471000000	18936.7940000000	-9360.1710000000	2814.8282000000	-499.4357600000	47.8855290000	-1.9084449000
C2Cl3	95.3553110000	-10285.9790000000	17529.0300000000	13590.3830000000	-7370.9809000000	2340.7866000000	-429.4891400000	42.0781150000	-1.7014844000
C2H3Cl	58.4744790000	6228.6706000000	4422.8194000000	18208.5890000000	-7803.0809000000	2117.2300000000	-348.0307100000	31.4380410000	-1.1930668000
C2H2Cl2	69.2297930000	-3072.7696000000	7970.5273000000	17620.0010000000	-8240.1695000000	2394.0942000000	-415.3598400000	39.2072440000	-1.5444084000
C2HCl3	84.7560260000	-6748.8487000000	12827.3260000000	15550.5080000000	-7789.0050000000	2366.4515000000	-423.0353500000	40.7818950000	-1.6319036000
C2F3Cl	83.7482670000	-132428.9600000000	13087.9440000000	16977.6450000000	-8928.1833000000	2777.6644000000	-502.3972600000	48.7118490000	-1.9544959000
C2F2Cl2	87.7036330000	-83526.2420000000	14770.2530000000	15629.3730000000	-8255.9836000000	2571.3428000000	-464.9217100000	45.0403800000	-1.8055135000
C2FCl3	93.0105650000	-43799.0660000000	15873.8310000000	14970.4460000000	-8076.8859000000	2563.1954000000	-471.2060500000	46.3219320000	-1.8808780000
C2H2FCl	67.2947610000	-38595.4580000000	7668.0394000000	17757.0670000000	-8261.6417000000	2391.4685000000	-414.1368900000	39.0892330000	-1.5421034000
C2HF2Cl	74.1965460000	-81685.4050000000	9607.2502000000	18062.9280000000	-8973.3108000000	2705.9303000000	-480.6259100000	46.0801540000	-1.8351611000
C2HFCl2	80.7147800000	-43655.6810000000	11638.0550000000	16333.8790000000	-8102.2123000000	2443.8831000000	-434.5862300000	41.7331480000	-1.6650679000
C2N2	65.9029600000	70261.2850000000	10139.0790000000	7490.3472000000	-3259.2158000000	884.9774600000	-145.0355100000	13.0784340000	-0.4970375700
Si	47.3396050000	110443.9600000000	5614.0767000000	-800.2476400000	472.3210000000	-126.7995000000	18.0936560000	-1.3381164000	0.0404445300
Si2	73.0484970000	145079.9300000000	14201.8480000000	-5108.9859000000	2690.9137000000	-808.7872100000	141.0477900000	-13.2755450000	0.5212322200
SiO	56.1705550000	-23648.1480000000	5871.3229000000	2743.3234000000	-1406.2907000000	434.4855700000	-78.5601290000	7.6525427000	-0.3093587200
SiO2	60.0647350000	-76967.6420000000	7753.2964000000	6824.6102000000	-3700.6966000000	1174.4693000000	-215.3684900000	21.0919230000	-0.8527141200
SiH	54.0336830000	87133.5340000000	6165.9179000000	1337.9373000000	-234.0038400000	-19.9830000000	16.0007490000	-2.3802599000	0.1179456900
SiF	61.4283780000	2724.4774000000	7044.2967000000	1909.5584000000	-1036.4833000000	337.5415600000	-63.3315020000	6.3583106000	-0.2628260500
SiF2	37.2146800000	-171041.5800000000	7939.9924000000	5847.7304000000	-3223.1333000000	1033.8408000000	-190.9008000000	18.7782770000	-0.7611720400
SiF3	73.7279930000	-254622.9400000000	10271.2330000000	9547.1194000000	-5315.0180000000	1717.4083000000	-319.0299700000	31.5479740000	-1.2850296000
SiF4	75.9404300000	-377210.8800000000	12768.3630000000	12871.5290000000	-7131.1674000000	2298.5684000000	-426.4914100000	42.1553590000	-1.7169358000
SiCl	66.5911710000	45544.8970000000	8364.7091000000	620.1905800000	-305.5449600000	94.6667580000	-16.4914180000	1.5487719000	-0.0604317370
SiCl2	78.1180770000	-41504.9250000000	10919.3050000000	3162.0807000000	-1832.8344000000	609.4078500000	-115.6607400000	11.6305160000	-0.4800997000
SiCl3	91.6740050000	-92192.1910000000	15368.4550000000	4744.4240000000	-2740.4267000000	909.0464400000	-172.3472200000	17.3324000000	-0.7162655600
SiCl4	99.0822290000	-157241.5700000000	19557.7710000000	6626.9639000000	-3839.5150000000	1276.8012000000	-242.4411500000	24.3945860000	-1.0077113000
SiN	57.2397950000	117873.7400000000	5865.7309000000	3120.5864000000	-1940.6115000000	749.9157400000	-157.0482000000	16.6471290000	-0.7038682300
SiCl	69.7021400000	175588.8300000000	12709.0070000000	-4299.5752000000	2524.7340000000	-817.1555600000	150.4938100000	-14.7726530000	0.5992182900
SiC2	63.2120230000	148514.5500000000	8601.7892000000	5454.0014000000	-2790.5449000000	854.5890400000	-153.1430600000	14.7639480000	-0.5901358300
Si2C	67.8799480000	134157.4600000000	10379.1300000000	4572.4944000000	-2574.6173000000	838.8568400000	-156.7958400000	15.5772340000	-0.6366929500
Pb	46.1761030000	45488.6380000000	4239.7002000000	1815.2284000000	-2026.3625000000	1071.0798000000	-256.3866000000	28.8273110000	-1.2501630000
PbO	65.0388920000	9332.8918000000	7169.3937000000	1795.0504000000	-958.3050300000	302.7291800000	-55.2539110000	5.5205241000	-0.2301189200
PbF	68.2803690000	-11352.8580000000	7735.3987000000	1463.9682000000	-981.8585500000	387.7878100000	-81.0370260000	8.6000936000	-0.3365214200
PbF2	81.9823420000	-109983.1000000000	11469.6910000000	2595.0857000000	-1504.9238000000	499.0281000000	-94.2809840000	9.4293753000	-0.3870866000
Hg	47.8270210000	13198.6090000000	4979.0168000000	-17.5267010000	13.5829630000	-5.6170914000	1.2805108000	-0.1543716600	0.7912703800
HgF	68.4284400000	-9549.9694000000	7835.3520000000	1326.1986000000	-830.5339000000	316.9917200000	65.5564940000	6.7897129000	-0.2786825600
Zr	55.6612070000	143025.9700000000	8656.9799000000	-3762.9111000000	2648.8048000000	-925.3606300000	180.4593000000	-18.4499210000	0.7702269800
ZrO	70.6039420000	19546.0700000000	11072.3460000000	-2001.1092000000	1196.8251000000	-416.0059100000	92.4443690000	-8.4870132000	0.3530241100
ZrO2	65.8675760000	-87018.2150000000	9023.3116000000	5776.6816000000	-3190.7214000000	1025.9910000000	-190.1031100000	18.7845460000	-0.7656254900
B	42.6577670000	132750.1300000000	4969.2043000000	3.5208869000	-5.9469218000	3.7069822000	-1.1192318000	0.1600215500	-0.0080138957
B2	54.4201350000	199979.2300000000	6245.9238000000	2517.3229000000	-1277.9578000000	389.6840000000	-68.6294410000	6.5294982000	-0.2594976400
BO	54.5678080000	314.1319000000	5788.0993000000	1909.2573000000	-657.2410100000	134.4508500000	-15.7736700000	1.0068961000	-0.0263893730
BO2	60.0737020000	-72698.3000000000	7401.7520000000	6919.6094000000	-3654.2162000000	1134.8309000000	-204.4469500000	19.7791610000	-7.9296479600
B2O2	66.2577690000	-112653.9000000000	10377.2550000000	7925.9464000000	-3656.2473000000	1033.7534000000	-173.9049600000	15.9245410000	-0.6097568500
B2O3	67.1102450000	-204460.1200000000	7366.3245000000	15721.6740000000	-7962.1615000000	2421.1990000000	-431.6494700000	41.4524240000	-1.6519759000
BH	47.9917840000	103698.8200000000	6184.1522000000	942.4351700000	79.6122800000	-137.4072600000	40.1211270000	-4.9450783000	0.2295307700
HBO	51.6787100000	-49099.9600000000	5512.6478000000	6416.0071000000	-2720.8647000000	718.7668900000	-114.5498300000	10.0473900000	-0.3716350000
HBO2	59.0487400000	-137345.7800000000	5596.9670000000	9382.1735000000	-4014.0306000000	1091.9111000000	-180.2373700000	16.3619840000	-0.6244078700
H3BO3	79.5931840000	-246591.9900000000	12109.3470000000	13764.1860000000	-5448.6838000000	1389.3379000000	-218.7292600000	19.2518650000	-0.7215993200
BF	53.3787750000	-29783.2700000000	5727.3594000000	2680.0976000000	-1289.8086000000	380.8266300000	-66.3360360000	6.2705562000	-0.2470970200
BF2	64.1264590000	-122184.6600000000	6763.7990000000	6246.1311000000	-3194.3382000000	974.5347000000	-173.9029300000	16.7044400000	-0.6657954100
BF3	63.3896520000	-274704.2000000000	7257.3535000000	11445.8420000000	-6005.9437000000	1863.2981000000	-335.9964400000	32.4728760000	-1.2984137000
FBO	60.5668800000	-143602.6300000000	7770.7568000000	5612.7432000000	-2689.2483000000	787.7869100000	-137.0913400000	12.9733330000	-0.5129748000
BCl	57.8493760000	42174.5010000000	6722.6196000000	2263.7602000000	-1244.9815000000	411.9640700000	-76.5112640000	8.3490269000	-0.3625302800
BCl2	73.7587280000	-17635.3410000000	9181.0280000000	4730.1580000000	-2646.6774000000	859.4092400000	-160.4396400000	15.9441360000	-0.6525828800
BCl3	79.9044440000	-100683.0000000000	12250.5870000000	7630.3047000000	-4270.4340000000	1385.3668000000	-258.0889100000	25.5728380000	-1.0430506000
BN	55.9983810000	149439.6600000000	5576.7635000000	2771.3008000000	-1348.3140000000	410.0284400000	-74.4501830000	7.3821504000	-0.3054569000
Al	45.6301310000	74570.0550000000	5143.7352000000	-182.2258200000	100.8534300000	-31.7838060000	5.8466711000	-0.6193020600	0.0324552590
Al+	41.8346940000	213932.6400000000	4973.3201000000	-6.9832432000	4.5836136000	-1.6046077000	0.3065768500	-0.0301249680	0.0011895589
Al2	63.6851970000	103654.4800000000	7804.8826000000	1199.2046000000	-691.5169700000	228.6952300000	-43.2144920000	43.3387210000	-0.1787866300
AlO	58.5197490000	17408.4930000000	6367.0514000000	2505.3047000000	-1330.6498000000	420.9579100000	-76.9196810000	7.5743928000	-0.3096262800
Al2O	73.4752240000	-35689.8750000000	10192.9130000000	3849.2796000000	-2198.8153000000	723.2905700000	-136.1691700000	13.6088120000	-0.5591712500
AlH	50.6833520000	58249.7430000000	5782.2194000000	2155.2613000000	-739.3914900000	134.3441600000	-8.7035035000	-0.1386709800	0.0257087030
AlF	58.4905460000	-63183.5750000000	6831.7682000000	2174.9854000000	-1197.2894000000	391.6168100000	-73.4773770000	7.3614556000	-0.3030719400
AlF2	72.1944770000	-176494.3000000000	9289.3615000000	4635.7446000000	-2594.8544000000	841.9531200000	-156.9939700000	15.5820400000	-0.6370001700
AlF3	75.1644010000	-289548.3000000000	11680.4650000000	8182.9369000000	-4564.8897000000	1475.6287000000	-273.9291800000	27.0503680000	1.0998340000
AlCl	63.4784520000	-13372.2990000000	7951.6749000000	1106.6573000000	-603.8996100000	205.2296700000	-40.4602440000	4.4182662000	-0.2003623000
AlCl2	82.4482590000	-79591.0940000000	11647.0490000000	2411.5284000000	-1406.5219000000	470.3635300000	-89.7647610000	9.0740465000	-0.3764465300
AlCl3	92.6932020000	-147586.6900000000	15979.4360000000	4067.1232000000	-2328.2747000000	764.6117800000	-143.4019400000	14.2604250000	-0.5826979500
AlN	60.2193790000	116004.3100000000	6170.8772000000	2571.3149000000	-1363.4066000000	425.2952700000	-76.9642440000	7.4609002000	-0.2992398900
Be	38.7635030000	76534.0480000000	5067.0095000000	-184.1507500000	155.8318500000	-65.3334880000	13.2053350000	-1.0883865000	0.2841966100
BeO	51.7078990000	28365.2310000000	5252.2932000000	3564.0241000000	-2159.3690000000	795.6320800000	-156.0327500000	15.4225720000	-0.6086220000
BeH	48.4265520000	74372.1040000000	5878.1797000000	1683.0880000000	-476.3414900000	82.9716620000	-8.6850667000	0.7270229900	-0.0389277480
BeF	54.6130340000	-65847.4760000000	5781.1715000000	2859.7148000000	-1469.1553000000	455.9353700000	-82.3709230000	7.9975740000	-0.3215734400
BeF2	54.2022580000	-188317.4300000000	5463.8481000000	8797.9199000000	-4713.1046000000	1486.5013000000	-271.6992600000	26.5599460000	-1.0725154000
BeCl	58.7863040000	-6032.4871000000	6703.1926000000	2257.4494000000	-1252.0885000000	407.7843900000	-76.3909380000	7.6392985000	-0.3144812400
BeCl2	66.0430480000	-88497.5520000000	9311.2147000000	5519.4579000000	-3053.2307000000	980.7969700000	-181.1796400000	17.8210480000	-0.7222485500
BeN	53.8961890000	148257.1100000000	5670.1498000000	2578.9370000000	-1215.0345000000	348.2038800000	-59.3787570000	5.5326238000	-0.2166268700
Mg	41.7372870000	33820.7350000000	5074.1825000000	-197.2474800000	166.8472100000	-70.1604660000	14.3462050000	-1.2281400000	0.0359685300
Mg+	48.8990920000	211622.9100000000	4971.6598000000	-3.7272993000	1.8872099000	-0.4751123400	0.0531721960	-0.0010156366	-0.0001560349
MgO	58.6316660000	-8200.8439000000	6857.6807000000	896.9378100000	1074.4300000000	-733.2670300000	185.5539200000	-21.5664750000	0.9640567200
MgH	51.0427760000	33697.1150000000	5426.0810000000	3147.2881000000	-1594.8410000000	501.0028200000	-86.0895570000	7.5874369000	-0.2710744700
MgF	60.4462980000	-68831.4760000000	7150.9266000000	1851.2480000000	-1003.6994000000	324.4453500000	-60.1935310000	5.9910888000	-0.2462873400
MgF3	65.5407230000	-180530.5100000000	9982.1238000000	5053.6185000000	-2868.8579000000	938.9127600000	-176.0056100000	17.5275690000	-0.7181567900
MgCl	64.8490170000	-28923.9850000000	8028.2658000000	973.8181500000	-350.7126100000	170.0903000000	-30.7126070000	2.9586754000	-0.1180076900
MgCl3	74.5914460000	-104722.6200000000	12176.9060000000	2924.8647000000	-1715.5125000000	576.3332300000	-110.3855400000	11.1898540000	-0.4652489300
MgN	58.8858820000	110309.7500000000	6657.5051000000	2266.8155000000	-1258.4314000000	405.0704700000	-74.8716040000	7.3586300000	-0.2975967900
Ca	43.6095370000	40715.3980000000	5228.8111000000	-623.9274900000	694.8561000000	-391.2482300000	109.8466900000	-13.6806100000	0.6414008700
Ca+	44.1034830000	183212.9900000000	4825.2142000000	216.2751100000	-109.7354200000	-2.6398550000	15.4241860000	-3.0490180000	0.1752395000
CaO	59.7788150000	-16382.4980000000	6971.0084000000	2137.5241000000	-1218.4533000000	403.6977500000	-73.5067930000	7.0630927000	-0.2807925000
Sr	45.6527260000	37672.9990000000	5080.3752000000	-398.1901000000	567.2976600000	-373.8625200000	115.7084400000	-15.0731340000	0.7177914400
Sr+	46.7194350000	170454.9900000000	4960.5264000000	-37.0685430000	100.0662700000	-85.2619470000	30.4570710000	-4.2851176000	0.2115782300
SrO	62.8293930000	-16506.2170000000	7300.1104000000	1788.5200000000	-1015.0019000000	335.1795800000	-96.8088080000	5.5876296000	-0.2156338700
Ba	38.5692070000	45734.7110000000	1410.9021000000	8100.0495000000	-8354.2051000000	4198.2689000000	-1015.1903000000	117.8410800000	-2.5839810000
Ba+	55.0346200000	166295.0800000000	8189.3030000000	-6392.5525000000	5343.1952000000	-1953.2245000000	366.7457900000	-34.9305160000	1.3422328000
BaO	64.1663560000	-33995.9060000000	7303.4243000000	1697.8584000000	-931.3515700000	297.7483500000	-54.0374000000	5.2501673000	-0.2114152100
Li	38.8894460000	37011.6060000000	4836.5289000000	223.0710400000	-158.2289000000	48.6450760000	-5.3972094000	0.4590756800	0.0345336720
Li+	37.7872920000	162782.6300000000	4973.3343000000	-7.0094560000	4.6054060000	-1.6138748000	0.3086713400	-0.3036441800	0.0012004506
Li2	55.5137360000	48387.6500000000	7653.8540000000	1552.6284000000	-294.7966200000	-196.7278000000	80.7617730000	-10.7742260000	0.5170501100
LiO	56.4832890000	16873.3840000000	6836.3029000000	2124.2922000000	-1194.8997000000	389.0675500000	-72.6650790000	7.2096826000	-0.2941067800
Li3O	65.5928740000	-34873.6000000000	9188.7694000000	4725.9613000000	-2632.0019000000	848.8884500000	-157.3408200000	15.5288830000	-0.6315633300
LiH	46.0279070000	31780.9970000000	5622.3220000000	2989.6256000000	-1534.6193000000	515.7232000000	-102.6985300000	10.8529250000	-0.4620054900
LiOH	58.8785030000	-59569.4660000000	6994.6999000000	4079.1858000000	-1708.9863000000	478.1500200000	-82.6312980000	7.8736724000	0.3144845100
LiF	54.4856740000	-82935.2160000000	6564.6836000000	2405.4292000000	-1308.4713000000	424.9046500000	-79.2913150000	7.8887058000	-0.3232122900
LiCl	58.5875070000	-48221.7930000000	7249.6738000000	1839.1174000000	-1052.6098000000	355.2893400000	-68.2807460000	6.9389073000	-0.2886002900
Na	42.3588070000	24503.6670000000	4791.6739000000	325.6408700000	-272.5578300000	116.5757700000	-26.4524360000	3.0282041000	-0.1143971400
Na+	41.3578140000	144441.6300000000	4973.3358000000	-7.0126935000	4.6082852000	-1.6151440000	0.3089639500	-0.0303981840	0.0012019896
NaF	60.6830800000	-72492.9740000000	7814.7653000000	1189.9875000000	-687.8159500000	227.9845100000	-43.1387460000	4.3267646000	-0.1782747500
NaCl	64.6651380000	-46172.6510000000	8375.5876000000	631.1160200000	-297.0346800000	90.4826330000	-15.3847150000	1.4392719000	-0.0575795710
K	62.7294690000	20057.0730000000	4231.5513000000	1465.2062000000	-1350.1806000000	646.2895200000	-166.1962900000	22.0709790000	-0.0112451250
K+	42.9407400000	121487.6300000000	4973.3418000000	-7.0241493000	4.6180062000	-1.6193351000	0.3099220100	-0.3050889500	0.0012070803
KF	63.4286980000	-80675.9680000000	8119.1679000000	875.5550100000	-506.9715700000	167.9617700000	-31.7234170000	3.1714455000	-0.1300353700
KCl	66.9393920000	-53964.2800000000	8442.0434000000	714.2716400000	-410.2511700000	147.8609400000	-25.9812530000	2.1649513000	-0.0691816670
Rb	45.2114940000	18266.9870000000	4307.9988000000	1344.3710000000	-1273.5729000000	629.6741800000	-168.4909500000	23.5113030000	-1.2587099000
Rb+	45.2722730000	115941.6300000000	4973.3429000000	-7.0264104000	4.6199649000	-1.6201768000	0.3101110600	-0.0305301630	0.0012080274
Cs	47.4359610000	17259.1950000000	4741.5482000000	524.6036300000	-545.3509800000	285.6891700000	-81.5254470000	13.4366440000	-0.8472409200
Cs+	46.5880160000	108480.6300000000	4973.3456000000	-7.0311649000	4.6239459000	-1.6219133000	0.3105162500	-0.0305780470	0.1210276700
e-	11.0090220000	-1457.3666000000	4973.3676000000	-7.0735798000	4.6601410000	-1.6375612000	0.3140943500	-0.0309907830	0.0012291892
